  0.100000000000000       4.985178575382371E-003   719.933153267004     
  0.200000000000000       2.877097439780184E-003   62.5875191357658     
  0.300000000000000       1.960760195300212E-003   23.6879053435887     
  0.400000000000000       1.487978034157500E-003   10.9456790461784     
  0.500000000000000       1.140662234780318E-003   5.53778523023070     
  0.600000000000000       8.541571848797995E-004   2.94591506717914     
  0.700000000000000       6.200326021952421E-004   1.63061418775918     
  0.800000000000000       4.370488436459009E-004  0.945620867922692     
  0.900000000000000       3.182768565596209E-004  0.582722245599889     
   1.00000000000000       2.677584446236292E-004  0.385878381477518     
   1.10000000000000       2.216331120766946E-004  0.274925932167314     
   1.20000000000000       1.809969747724849E-004  0.208956884132796     
   1.30000000000000       1.462823741416620E-004  0.167283532405449     
   1.40000000000000       1.173130965756477E-004  0.139419586313032     
   1.50000000000000       9.346114693071224E-005  0.119927341056041     
   1.60000000000000       7.864345721972214E-005  0.105851003138113     
   1.70000000000000       7.657663558705360E-005  9.547071863256207E-002
   1.80000000000000       7.487621748622824E-005  8.770594209508431E-002
   1.90000000000000       7.340545044875980E-005  8.182958017190600E-002
   2.00000000000000       7.207855122239767E-005  7.732814400238652E-002
   2.10000000000000       7.084305026373526E-005  7.382948089908581E-002
   2.20000000000000       6.966732748184052E-005  7.106158527211193E-002
   2.30000000000000       6.853254726850128E-005  6.882608466245443E-002
   2.40000000000000       6.744085759228910E-005  6.697934947865747E-002
   2.50000000000000       6.637642736833171E-005  6.541827303376380E-002
   2.60000000000000       6.533171586305484E-005  6.406940603401523E-002
   2.70000000000000       6.431318350129882E-005  6.288071536769024E-002
   2.80000000000000       6.332049630857976E-005  6.181543406288625E-002
   2.90000000000000       6.234345417129905E-005  6.084755334157421E-002
   3.00000000000000       6.139154714631145E-005  5.995857257513393E-002
   3.10000000000000       6.046315009372183E-005  5.913518912038285E-002
   3.20000000000000       5.954979275958305E-005  5.836767537577003E-002
   3.30000000000000       5.866577280009884E-005  5.764874944787834E-002
   3.40000000000000       5.779987576777166E-005  5.697279535390010E-002
   3.50000000000000       5.718065348284434E-005  5.633532795194185E-002
   3.60000000000000       5.736724046310170E-005  5.573262774078103E-002
   3.70000000000000       5.761988135605612E-005  5.516149279383598E-002
   3.80000000000000       5.794343999123869E-005  5.461907110944964E-002
   3.90000000000000       5.835737423305254E-005  5.410274805804249E-002
   4.00000000000000       5.887189681992215E-005  5.361007158160902E-002
   4.10000000000000       5.947932194522165E-005  5.313870334546777E-002
   4.20000000000000       6.005007930853790E-005  5.268638784396984E-002
   4.30000000000000       6.056226814321608E-005  5.225093403371517E-002
   4.40000000000000       6.101359013160890E-005  5.183020580521003E-002
   4.50000000000000       6.140193499815094E-005  5.142211876922431E-002
   4.60000000000000       6.172541461596515E-005  5.102464157648257E-002
   4.70000000000000       6.198239393573335E-005  5.063580051018590E-002
   4.80000000000000       6.217151832937917E-005  5.025368638850836E-002
   4.90000000000000       6.229173687671841E-005  4.987646304975613E-002
   5.00000000000000       6.234232133695006E-005  4.950237680183989E-002
   5.10000000000000       6.232288046192913E-005  4.912976633629995E-002
   5.20000000000000       6.223336958849357E-005  4.875707265380669E-002
   5.30000000000000       6.207409532305030E-005  4.838284861591546E-002
   5.40000000000000       6.184571548162321E-005  4.800576777718391E-002
   5.50000000000000       6.154923425816250E-005  4.762463220515656E-002
   5.60000000000000       6.118599291254911E-005  4.723837903583217E-002
   5.70000000000000       6.075765624696805E-005  4.684608556981829E-002
   5.80000000000000       6.026619520982379E-005  4.644697275914211E-002
   5.90000000000000       5.971386605019280E-005  4.604040698581002E-002
   6.00000000000000       5.910318652574409E-005  4.562590009228984E-002
   6.10000000000000       5.843690961099268E-005  4.520310765997237E-002
   6.20000000000000       5.771799528653254E-005  4.477182559149639E-002
   6.30000000000000       5.694958094937252E-005  4.433198508806413E-002
   6.40000000000000       5.613495091538745E-005  4.388364614570150E-002
   6.50000000000000       5.527750562089873E-005  4.342698973434977E-002
   6.60000000000000       5.438073097052687E-005  4.296230884090591E-002
   6.70000000000000       5.344816827984600E-005  4.248999857505709E-002
   6.80000000000000       5.273516339758020E-005  4.201054554915373E-002
   6.90000000000000       5.285540211026165E-005  4.152451674347191E-002
   7.00000000000000       5.295607202203601E-005  4.103254806967271E-002
   7.10000000000000       5.305812136037725E-005  4.053533283354227E-002
   7.20000000000000       5.315030725798043E-005  4.003361028743768E-002
   7.30000000000000       5.322398525779125E-005  3.952815444208113E-002
   7.40000000000000       5.329941803375301E-005  3.901976330070056E-002
   7.50000000000000       5.336522303455767E-005  3.850924863417760E-002
   7.60000000000000       5.341345225056006E-005  3.799742642051740E-002
   7.70000000000000       5.346117876114071E-005  3.748510802349614E-002
   7.80000000000000       5.350195806677748E-005  3.697309218459566E-002
   7.90000000000000       5.352601545760164E-005  3.646215786549334E-002
   8.00000000000000       5.354467950724707E-005  3.595305796324055E-002
   8.10000000000000       5.356162921522234E-005  3.544651390708253E-002
   8.20000000000000       5.356267416504332E-005  3.494321112167853E-002
   8.30000000000000       5.355085818413357E-005  3.444379532972164E-002
   8.40000000000000       5.354514495486329E-005  3.394886966287203E-002
   8.50000000000000       5.352433785011865E-005  3.345899252721551E-002
   8.60000000000000       5.348884066725804E-005  3.297467617272787E-002
   8.70000000000000       5.345359525947850E-005  3.249638591025672E-002
   8.80000000000000       5.341218038675453E-005  3.202453990688525E-002
   8.90000000000000       5.335689440174638E-005  3.155950950354480E-002
   9.00000000000000       5.328852762448277E-005  3.110161998627348E-002
   9.10000000000000       5.322787938453165E-005  3.065115174969435E-002
   9.20000000000000       5.315419947882591E-005  3.020834178983023E-002
   9.30000000000000       5.306787884257888E-005  2.977338547598407E-002
   9.40000000000000       5.297374002194993E-005  2.934643853475194E-002
   9.50000000000000       5.288320044483392E-005  2.892761921032161E-002
   9.60000000000000       5.278086990373483E-005  2.851701054463973E-002
   9.70000000000000       5.266712734600234E-005  2.811466273929142E-002
   9.80000000000000       5.254696998734349E-005  2.772059556619411E-002
   9.90000000000000       5.243028739254427E-005  2.733480078887851E-002
   10.0000000000000       5.230303607834844E-005  2.695724456806659E-002
   10.1000000000000       5.216557772795314E-005  2.658786982905781E-002
   10.2000000000000       5.201982457377518E-005  2.622659857220100E-002
   10.3000000000000       5.188078028953649E-005  2.587333410083659E-002
   10.4000000000000       5.173234518453211E-005  2.552796316798833E-002
   10.5000000000000       5.157485849457192E-005  2.519035801562097E-002
   10.6000000000000       5.140865201515300E-005  2.486037831292975E-002
   10.7000000000000       5.124673340376076E-005  2.453787297660881E-002
   10.8000000000000       5.108074021705064E-005  2.422268187974197E-002
   10.9000000000000       5.090677841580133E-005  2.391463743769862E-002
   11.0000000000000       5.072515301934561E-005  2.361356608215459E-002
   11.1000000000000       5.054009204530702E-005  2.331928961513796E-002
   11.2000000000000       5.035995193358766E-005  2.303162645002743E-002
   11.3000000000000       5.017283726229183E-005  2.275039274405088E-002
   11.4000000000000       4.997902451034583E-005  2.247540342146692E-002
   11.5000000000000       4.977878238495042E-005  2.220647309787438E-002
   11.6000000000000       4.958107502752185E-005  2.194341690589852E-002
   11.7000000000000       4.938383153349011E-005  2.168605122857770E-002
   11.8000000000000       4.918075763933193E-005  2.143419435032712E-002
   11.9000000000000       4.897209382505212E-005  2.118766702157160E-002
   12.0000000000000       4.875807334198167E-005  2.094629295452677E-002
   12.1000000000000       4.854958592672149E-005  2.070989924380484E-002
   12.2000000000000       4.833984251012034E-005  2.047831672697953E-002
   12.3000000000000       4.812525168411472E-005  2.025138028169948E-002
   12.4000000000000       4.790602054576838E-005  2.002892907540854E-002
   12.5000000000000       4.768234976630296E-005  1.981080675641067E-002
   12.6000000000000       4.746464994632941E-005  1.959686161065122E-002
   12.7000000000000       4.724629385063997E-005  1.938694666897334E-002
   12.8000000000000       4.702392434790121E-005  1.918091978502900E-002
   12.9000000000000       4.679771896834561E-005  1.897864367560231E-002
   13.0000000000000       4.656784970484636E-005  1.877998593688091E-002
   13.1000000000000       4.634213662229095E-005  1.858481903102671E-002
   13.2000000000000       4.611839445482972E-005  1.839302025270939E-002
   13.3000000000000       4.589134161483559E-005  1.820447167684591E-002
   13.4000000000000       4.566113023295303E-005  1.801906008591203E-002
   13.5000000000000       4.542790776268677E-005  1.783667688833646E-002
   13.6000000000000       4.519500859476505E-005  1.765721801831432E-002
   13.7000000000000       4.496852751364863E-005  1.748058383135742E-002
   13.8000000000000       4.473932648395454E-005  1.730667898627303E-002
   13.9000000000000       4.450753621746193E-005  1.713541232465587E-002
   14.0000000000000       4.427328350928530E-005  1.696669674220885E-002
   14.1000000000000       4.403669137023504E-005  1.680044905683076E-002
   14.2000000000000       4.380662538216710E-005  1.663658987556715E-002
   14.3000000000000       4.357733817989243E-005  1.647504345569928E-002
   14.4000000000000       4.334594079467943E-005  1.631573757077120E-002
   14.5000000000000       4.311254273249349E-005  1.615860337182085E-002
   14.6000000000000       4.287725032189755E-005  1.600357525056495E-002
   14.7000000000000       4.264056459076878E-005  1.585059070677630E-002
   14.8000000000000       4.241286104751016E-005  1.569959021217926E-002
   14.9000000000000       4.218345150128414E-005  1.555051708184152E-002
   15.0000000000000       4.195243096225909E-005  1.540331734599221E-002
   15.1000000000000       4.171989175203057E-005  1.525793962350974E-002
   15.2000000000000       4.148592358783218E-005  1.511433500134274E-002
   15.3000000000000       4.125176087811483E-005  1.497245691645332E-002
   15.4000000000000       4.102562450876565E-005  1.483226104102897E-002
   15.5000000000000       4.079820690119905E-005  1.469370517114044E-002
   15.6000000000000       4.056958851441724E-005  1.455674912037352E-002
   15.7000000000000       4.033984757784671E-005  1.442135461733329E-002
   15.8000000000000       4.010906015101800E-005  1.428748520574175E-002
   15.9000000000000       3.987730019296800E-005  1.415510615039750E-002
   16.0000000000000       3.965392359447925E-005  1.402418434501840E-002
   16.1000000000000       3.943015814689294E-005  1.389468822619477E-002
   16.2000000000000       3.920552969330930E-005  1.376658768936778E-002
   16.3000000000000       3.898010472656555E-005  1.363985400967493E-002
   16.4000000000000       3.875394789898009E-005  1.351445976606414E-002
   16.5000000000000       3.852712208440294E-005  1.339037876839200E-002
   16.6000000000000       3.830448169476905E-005  1.326758599034861E-002
   16.7000000000000       3.808566267625875E-005  1.314605750245335E-002
   16.8000000000000       3.786625857004274E-005  1.302577041077058E-002
   16.9000000000000       3.764632593533024E-005  1.290670279853856E-002
   17.0000000000000       3.742591976610252E-005  1.278883366943262E-002
   17.1000000000000       3.720509352222461E-005  1.267214289626395E-002
   17.2000000000000       3.698389916601154E-005  1.255661116953632E-002
   17.3000000000000       3.676933093806254E-005  1.244221995055028E-002
   17.4000000000000       3.655609635881084E-005  1.232895142862844E-002
   17.5000000000000       3.634255252296722E-005  1.221678847567631E-002
   17.6000000000000       3.612874614385155E-005  1.210571460969589E-002
   17.7000000000000       3.591472260629090E-005  1.199571395581245E-002
   17.8000000000000       3.570052600523991E-005  1.188677121067627E-002
   17.9000000000000       3.548619917627953E-005  1.177887161052382E-002
   18.0000000000000       3.527801033483578E-005  1.167200089831510E-002
   18.1000000000000       3.507151974138357E-005  1.156614529616462E-002
   18.2000000000000       3.486493745833208E-005  1.146129147574726E-002
   18.3000000000000       3.465830191556638E-005  1.135742653421090E-002
   18.4000000000000       3.445165041559775E-005  1.125453796856135E-002
   18.5000000000000       3.424501916809608E-005  1.115261365271181E-002
   18.6000000000000       3.403844331683785E-005  1.105164181744556E-002
   18.7000000000000       3.383490457655097E-005  1.095161102767861E-002
   18.8000000000000       3.363598310864474E-005  1.085251016654354E-002
   18.9000000000000       3.343713906191876E-005  1.075432841570745E-002
   19.0000000000000       3.323840387857266E-005  1.065705523924265E-002
   19.1000000000000       3.303980804644127E-005  1.056068036788815E-002
   19.2000000000000       3.284138113264205E-005  1.046519378544275E-002
   19.3000000000000       3.264315180223330E-005  1.037058571458971E-002
   19.4000000000000       3.244514783177908E-005  1.027684660289907E-002
   19.5000000000000       3.225174508351939E-005  1.018396711319980E-002
   19.6000000000000       3.206115067512321E-005  1.009193811107423E-002
   19.7000000000000       3.187078808318475E-005  1.000075065416439E-002
   19.8000000000000       3.168068207815669E-005  9.910395983503406E-003
   19.9000000000000       3.149085664669286E-005  9.820865513248123E-003
   20.0000000000000       3.130133501624458E-005  9.732150823396069E-003
   20.1000000000000       3.111213967184897E-005  9.644243650157591E-003
   20.2000000000000       3.092329237546886E-005  9.557135880520207E-003
   20.3000000000000       3.073759296989901E-005  9.470819543473397E-003
   20.4000000000000       3.055586651432828E-005  9.385286804608484E-003
   20.5000000000000       3.037448250353531E-005  9.300529960221127E-003
   20.6000000000000       3.019346026699593E-005  9.216541429708514E-003
   20.7000000000000       3.001281850769496E-005  9.133313753366679E-003
   20.8000000000000       2.983257530112793E-005  9.050839584503478E-003
   20.9000000000000       2.965274811971473E-005  8.969111686525366E-003
   21.0000000000000       2.947335384981744E-005  8.888122928603082E-003
   21.1000000000000       2.933910287449355E-005  8.807866279845200E-003
   21.2000000000000       2.921140446418638E-005  8.728334808623117E-003
   21.3000000000000       2.908712487152747E-005  8.649521675252458E-003
   21.4000000000000       2.896533662289922E-005  8.571420131708862E-003
   21.5000000000000       2.884273300620032E-005  8.494023517613414E-003
   21.6000000000000       2.871934702006215E-005  8.417325256537822E-003
   21.7000000000000       2.859521108313766E-005  8.341318853979374E-003
   21.8000000000000       2.847035704347446E-005  8.265997894767452E-003
   21.9000000000000       2.834481618267625E-005  8.191356041216125E-003
   22.0000000000000       2.821861922456277E-005  8.117387028860890E-003
   22.1000000000000       2.809735884263817E-005  8.044084666920526E-003
   22.2000000000000       2.797691542974524E-005  7.971442834922016E-003
   22.3000000000000       2.785582801451752E-005  7.899455480284701E-003
   22.4000000000000       2.773412534499378E-005  7.828116618568970E-003
   22.5000000000000       2.761183565133164E-005  7.757420329639331E-003
   22.6000000000000       2.748898665409952E-005  7.687360756740702E-003
   22.7000000000000       2.736560556875898E-005  7.617932106960268E-003
   22.8000000000000       2.724171911128866E-005  7.549128646360259E-003
   22.9000000000000       2.712200034516522E-005  7.480944701327985E-003
   23.0000000000000       2.700368770664143E-005  7.413374657048166E-003
   23.1000000000000       2.688487451877600E-005  7.346412954589709E-003
   23.2000000000000       2.676558579297036E-005  7.280054092220212E-003
   23.3000000000000       2.664584608011095E-005  7.214292622315099E-003
   23.4000000000000       2.652567947778728E-005  7.149123151783954E-003
   23.5000000000000       2.640510963375807E-005  7.084540339761247E-003
   23.6000000000000       2.628415975270170E-005  7.020538898601103E-003
   23.7000000000000       2.616456857341034E-005  6.957113590928543E-003
   23.8000000000000       2.604899667803336E-005  6.894259229852651E-003
   23.9000000000000       2.593304369081765E-005  6.831970678931043E-003
   24.0000000000000       2.581673135155909E-005  6.770242849540864E-003
   24.1000000000000       2.570008099073968E-005  6.709070701695907E-003
   24.2000000000000       2.558311353708803E-005  6.648449242732113E-003
   24.3000000000000       2.546584952088789E-005  6.588373527485203E-003
   24.4000000000000       2.534830907973556E-005  6.528838655341929E-003
   24.5000000000000       2.523051196365816E-005  6.469839773117769E-003
   24.6000000000000       2.511514657283488E-005  6.411372071255528E-003
   24.7000000000000       2.500249585212817E-005  6.353430785033254E-003
   24.8000000000000       2.488958185478369E-005  6.296011193640538E-003
   24.9000000000000       2.477642310299683E-005  6.239108619041644E-003
   25.0000000000000       2.466303776112622E-005  6.182718427218958E-003
   25.1000000000000       2.454944364323174E-005  6.126836024868965E-003
   25.2000000000000       2.443565821558841E-005  6.071456861569402E-003
   25.3000000000000       2.432169860141223E-005  6.016576427718690E-003
   25.4000000000000       2.422238833225998E-005  5.962190255175415E-003
   25.5000000000000       2.416034944328978E-005  5.908293915126706E-003
   25.6000000000000       2.409976337280206E-005  5.854883019864587E-003
   25.7000000000000       2.403809986246216E-005  5.801953220760936E-003
   25.8000000000000       2.397538621234428E-005  5.749500208303004E-003
   25.9000000000000       2.391164934574479E-005  5.697519711631571E-003
   26.0000000000000       2.384691580593057E-005  5.646007498576466E-003
   26.1000000000000       2.378121175961857E-005  5.594959374874975E-003
   26.2000000000000       2.371456300245979E-005  5.544371183461294E-003
   26.3000000000000       2.364699495582239E-005  5.494238804750751E-003
   26.4000000000000       2.357853267454294E-005  5.444558156142421E-003
   26.5000000000000       2.350951228091627E-005  5.395325191202005E-003
   26.6000000000000       2.344594709323303E-005  5.346535899732885E-003
   26.7000000000000       2.338147747975015E-005  5.298186307776120E-003
   26.8000000000000       2.331612756516185E-005  5.250272475798567E-003
   26.9000000000000       2.324992112681466E-005  5.202790500185017E-003
   27.0000000000000       2.318288159106881E-005  5.155736512456599E-003
   27.1000000000000       2.311503204375369E-005  5.109106677352315E-003
   27.2000000000000       2.304639522315388E-005  5.062897194854088E-003
   27.3000000000000       2.297699352925435E-005  5.017104297948549E-003
   27.4000000000000       2.290684902623724E-005  4.971724253941545E-003
   27.5000000000000       2.283598344209419E-005  4.926753362894942E-003
   27.6000000000000       2.276465540094056E-005  4.882187957591100E-003
   27.7000000000000       2.269844222895102E-005  4.838024403746033E-003
   27.8000000000000       2.263149498611022E-005  4.794259099156761E-003
   27.9000000000000       2.256383460397964E-005  4.750888474127635E-003
   28.0000000000000       2.249548169579656E-005  4.707908989800558E-003
   28.1000000000000       2.242645655609939E-005  4.665317139647129E-003
   28.2000000000000       2.235677917538325E-005  4.623109447550178E-003
   28.3000000000000       2.228646923450761E-005  4.581282468940628E-003
   28.4000000000000       2.221554610520835E-005  4.539832789696163E-003
   28.5000000000000       2.214402885816522E-005  4.498757025146460E-003
   28.6000000000000       2.207193626244663E-005  4.458051822240350E-003
   28.7000000000000       2.199928679269010E-005  4.417713856526007E-003
   28.8000000000000       2.192922326272374E-005  4.377739833429928E-003
   28.9000000000000       2.186095215844616E-005  4.338126487688498E-003
   29.0000000000000       2.179210866322117E-005  4.298870583347991E-003
   29.1000000000000       2.172271058576272E-005  4.259968912165846E-003
   29.2000000000000       2.165277545165647E-005  4.221418295706769E-003
   29.3000000000000       2.158232051139633E-005  4.183215583495326E-003
   29.4000000000000       2.151136274279240E-005  4.145357651914594E-003
   29.5000000000000       2.143991884563962E-005  4.107841406622015E-003
   29.6000000000000       2.136800525318262E-005  4.070663779742745E-003
   29.7000000000000       2.129563813597780E-005  4.033821731255216E-003
   29.8000000000000       2.122283339373392E-005  3.997312247925322E-003
   29.9000000000000       2.114960666899979E-005  3.961132343484053E-003
   30.0000000000000       2.107880702382931E-005  3.925279057810371E-003
   30.1000000000000       2.100969298085741E-005  3.889749457606229E-003
   30.2000000000000       2.094013965042661E-005  3.854540635153114E-003
   30.3000000000000       2.087016212948430E-005  3.819649709235762E-003
   30.4000000000000       2.079977526945279E-005  3.785073823721063E-003
   30.5000000000000       2.072899367262088E-005  3.750810148126504E-003
   30.6000000000000       2.065783171047952E-005  3.716855877158309E-003
   30.7000000000000       2.058630350963947E-005  3.683208230427226E-003
   30.8000000000000       2.051442296209692E-005  3.649864452412999E-003
   30.9000000000000       2.044220373010587E-005  3.616821811718296E-003
   31.0000000000000       2.036965924295284E-005  3.584077601885838E-003
   31.1000000000000       2.029680270793236E-005  3.551629140474688E-003
   31.2000000000000       2.022364710009286E-005  3.519473768172077E-003
   31.3000000000000       2.015451981142696E-005  3.487608850178958E-003
   31.4000000000000       2.008519054818992E-005  3.456031775073143E-003
   31.5000000000000       2.001554353511831E-005  3.424739954347444E-003
   31.6000000000000       1.994559131861502E-005  3.393730822516261E-003
   31.7000000000000       1.987534623422919E-005  3.363001837577428E-003
   31.8000000000000       1.980482040730993E-005  3.332550479768770E-003
   31.9000000000000       1.973402576030943E-005  3.302374251319407E-003
   32.0000000000000       1.966297400412156E-005  3.272470678119532E-003
   32.1000000000000       1.959167666108452E-005  3.242837306309809E-003
   32.2000000000000       1.952014504293448E-005  3.213471705620918E-003
   32.3000000000000       1.944839026736821E-005  3.184371465962954E-003
   32.4000000000000       1.937642326188448E-005  3.155534200054433E-003
   32.5000000000000       1.930425475894533E-005  3.126957541041975E-003
   32.6000000000000       1.923460036588539E-005  3.098639143921389E-003
   32.7000000000000       1.916598733987559E-005  3.070576683583681E-003
   32.8000000000000       1.909715340920007E-005  3.042767856342721E-003
   32.9000000000000       1.902810896790256E-005  3.015210379828659E-003
   33.0000000000000       1.895886423522219E-005  2.987901990181285E-003
   33.1000000000000       1.888942924777409E-005  2.960840445638269E-003
   33.2000000000000       1.881981386982998E-005  2.934023523195606E-003
   33.3000000000000       1.875002778887820E-005  2.907449020348452E-003
   33.4000000000000       1.868008052156554E-005  2.881114753812142E-003
   33.5000000000000       1.860998141604130E-005  2.855018560659062E-003
   33.6000000000000       1.853973965213854E-005  2.829158296222545E-003
   33.7000000000000       1.846936424393024E-005  2.803531835375850E-003
   33.8000000000000       1.839886404489358E-005  2.778137072816378E-003
   33.9000000000000       1.832824774832120E-005  2.752971920543246E-003
   34.0000000000000       1.825962857533191E-005  2.728034310877092E-003
   34.1000000000000       1.819228566808210E-005  2.703322193156055E-003
   34.2000000000000       1.812480693894092E-005  2.678833535725289E-003
   34.3000000000000       1.805720083408639E-005  2.654566325617225E-003
   34.4000000000000       1.798947564270366E-005  2.630518566668627E-003
   34.5000000000000       1.792163950731927E-005  2.606688281723279E-003
   34.6000000000000       1.785370042305484E-005  2.583073510784573E-003
   34.7000000000000       1.778566623899061E-005  2.559672311015504E-003
   34.8000000000000       1.771754466001247E-005  2.536482758479508E-003
   34.9000000000000       1.764934325033445E-005  2.513502943912727E-003
   35.0000000000000       1.758106943617114E-005  2.490730977768862E-003
   35.1000000000000       1.751273050312543E-005  2.468164985813814E-003
   35.2000000000000       1.744433360134995E-005  2.445803111434941E-003
   35.3000000000000       1.737588574711780E-005  2.423643513687068E-003
   35.4000000000000       1.730739382593723E-005  2.401684369139900E-003
   35.5000000000000       1.724071383382076E-005  2.379923870137191E-003
   35.6000000000000       1.717520825488140E-005  2.358360225471756E-003
   35.7000000000000       1.710963900354049E-005  2.336991659888099E-003
   35.8000000000000       1.704401279076393E-005  2.315816413478444E-003
   35.9000000000000       1.697833620354336E-005  2.294832743459096E-003
   36.0000000000000       1.691261570582959E-005  2.274038921044053E-003
   36.1000000000000       1.684685763890676E-005  2.253433234677971E-003
   36.2000000000000       1.678106822768393E-005  2.233013986447929E-003
   36.3000000000000       1.671525357814273E-005  2.212779494961126E-003
   36.4000000000000       1.664941967544086E-005  2.192728092857976E-003
   36.5000000000000       1.658357239732712E-005  2.172858128659527E-003
   36.6000000000000       1.651771750316508E-005  2.153167965417424E-003
   36.7000000000000       1.645186064295206E-005  2.133655980358640E-003
   36.8000000000000       1.638600735923766E-005  2.114320566164452E-003
   36.9000000000000       1.632016307812267E-005  2.095160128803286E-003
   37.0000000000000       1.625433313101284E-005  2.076173089591293E-003
   37.1000000000000       1.618995389460465E-005  2.057357883735733E-003
   37.2000000000000       1.612682449770006E-005  2.038712960192868E-003
   37.3000000000000       1.606369034921666E-005  2.020236781987705E-003
   37.4000000000000       1.600055666494180E-005  2.001927825823202E-003
   37.5000000000000       1.593742855548519E-005  1.983784582364478E-003
   37.6000000000000       1.587431103904244E-005  1.965805556025657E-003
   37.7000000000000       1.581120903021677E-005  1.947989263655359E-003
   37.8000000000000       1.574812735140935E-005  1.930334236455167E-003
   37.9000000000000       1.568507072608367E-005  1.912839018629597E-003
   38.0000000000000       1.562204378945298E-005  1.895502166711083E-003
   38.1000000000000       1.555905107758993E-005  1.878322251229747E-003
   38.2000000000000       1.549609703910868E-005  1.861297854937050E-003
   38.3000000000000       1.543318603489726E-005  1.844427573551854E-003
   38.4000000000000       1.537032233215491E-005  1.827710014943307E-003
   38.5000000000000       1.530751011512854E-005  1.811143800409809E-003
   38.6000000000000       1.524475348168640E-005  1.794727563009246E-003
   38.7000000000000       1.518205644241350E-005  1.778459947772149E-003
   38.8000000000000       1.511992218364033E-005  1.762339612696451E-003
   38.9000000000000       1.505964700671577E-005  1.746365227432989E-003
   39.0000000000000       1.499941321398724E-005  1.730535473498662E-003
   39.1000000000000       1.493922476001386E-005  1.714849044631706E-003
   39.2000000000000       1.487908552005387E-005  1.699304645477184E-003
   39.3000000000000       1.481899928679859E-005  1.683900993718623E-003
   39.4000000000000       1.475896977512147E-005  1.668636817164781E-003
   39.5000000000000       1.469900062882945E-005  1.653510856307605E-003
   39.6000000000000       1.463909540879872E-005  1.638521861515585E-003
   39.7000000000000       1.457925760935059E-005  1.623668596089090E-003
   39.8000000000000       1.451949064673548E-005  1.608949833027395E-003
   39.9000000000000       1.445979786622058E-005  1.594364357231370E-003
   40.0000000000000       1.440018254043948E-005  1.579910963869224E-003
   40.1000000000000       1.434064787587348E-005  1.565588459904177E-003
   40.2000000000000       1.428119700574915E-005  1.551395661927302E-003
   40.3000000000000       1.422183300125087E-005  1.537331397720720E-003
   40.4000000000000       1.416255885911638E-005  1.523394506008913E-003
   40.5000000000000       1.410337751660447E-005  1.509583835392903E-003
   40.6000000000000       1.404429184203689E-005  1.495898244812111E-003
   40.7000000000000       1.398611535229465E-005  1.482336603935153E-003
   40.8000000000000       1.392916516421897E-005  1.468897792165080E-003
   40.9000000000000       1.387229363604335E-005  1.455580699243342E-003
   41.0000000000000       1.381550361748506E-005  1.442384224752402E-003
   41.1000000000000       1.375879790176088E-005  1.429307278648650E-003
   41.2000000000000       1.370217921850273E-005  1.416348779699206E-003
   41.3000000000000       1.364565023596600E-005  1.403507657578018E-003
   41.4000000000000       1.358921356654567E-005  1.390782850769767E-003
   41.5000000000000       1.353287176553109E-005  1.378173307813313E-003
   41.6000000000000       1.347662732892001E-005  1.365677986555625E-003
   41.7000000000000       1.342048269662864E-005  1.353295853654402E-003
   41.8000000000000       1.336444025626345E-005  1.341025886461011E-003
   41.9000000000000       1.330850233717334E-005  1.328867070071738E-003
   42.0000000000000       1.325267121924012E-005  1.316818399601516E-003
   42.1000000000000       1.319694912549978E-005  1.304878878904958E-003
   42.2000000000000       1.314133823125877E-005  1.293047520860569E-003
   42.3000000000000       1.308584065650149E-005  1.281323347335217E-003
   42.4000000000000       1.303045847285462E-005  1.269705389077558E-003
   42.5000000000000       1.297519370469771E-005  1.258192685043014E-003
   42.6000000000000       1.292004832526107E-005  1.246784283672753E-003
   42.7000000000000       1.286502425977567E-005  1.235479241223914E-003
   42.8000000000000       1.281147286177708E-005  1.224276623155163E-003
   42.9000000000000       1.275830135661607E-005  1.213175502492447E-003
   43.0000000000000       1.270523563952225E-005  1.202174961498770E-003
   43.1000000000000       1.265227764927585E-005  1.191274090182048E-003
   43.2000000000000       1.259942927632800E-005  1.180471987147769E-003
   43.3000000000000       1.254669237133987E-005  1.169767758817386E-003
   43.4000000000000       1.249406873590087E-005  1.159160519250690E-003
   43.5000000000000       1.244156012876663E-005  1.148649391495837E-003
   43.6000000000000       1.238916826916312E-005  1.138233505990627E-003
   43.7000000000000       1.233689482993992E-005  1.127912000846720E-003
   43.8000000000000       1.228474144380207E-005  1.117684022204912E-003
   43.9000000000000       1.223270970598605E-005  1.107548723666696E-003
   44.0000000000000       1.218080116765837E-005  1.097505267004806E-003
   44.1000000000000       1.212901734035602E-005  1.087552820955295E-003
   44.2000000000000       1.207735969958867E-005  1.077690561963607E-003
   44.3000000000000       1.202582968026877E-005  1.067917674042462E-003
   44.4000000000000       1.197442867961963E-005  1.058233348452120E-003
   44.5000000000000       1.192315805823493E-005  1.048636783487211E-003
   44.6000000000000       1.187201914266261E-005  1.039127185364919E-003
   44.7000000000000       1.182101321793143E-005  1.029703766590728E-003
   44.8000000000000       1.177014153896735E-005  1.020365747734786E-003
   44.9000000000000       1.171940532119235E-005  1.011112355513433E-003
   45.0000000000000       1.166890152629696E-005  1.001942824316870E-003
   45.1000000000000       1.161976334550942E-005  9.928563946814961E-004
   45.2000000000000       1.157074672451890E-005  9.838523148530953E-004
   45.3000000000000       1.152185291262734E-005  9.749298394368111E-004
   45.4000000000000       1.147308312475455E-005  9.660882296458340E-004
   45.5000000000000       1.142443854870455E-005  9.573267534079832E-004
   45.6000000000000       1.137592033297928E-005  9.486446857565056E-004
   45.7000000000000       1.132752960026837E-005  9.400413075866254E-004
   45.8000000000000       1.127926743673021E-005  9.315159066147771E-004
   45.9000000000000       1.123113490320568E-005  9.230677769522799E-004
   46.0000000000000       1.118313302618517E-005  9.146962191408647E-004
   46.1000000000000       1.113526280535275E-005  9.064005400105657E-004
   46.2000000000000       1.108752520944463E-005  8.981800525376116E-004
   46.3000000000000       1.103992118016648E-005  8.900340762352243E-004
   46.4000000000000       1.099245162896213E-005  8.819619359101694E-004
   46.5000000000000       1.094511744279346E-005  8.739629638299107E-004
   46.6000000000000       1.089791947824022E-005  8.660364972001844E-004
   46.7000000000000       1.085085856368521E-005  8.581818793018670E-004
   46.8000000000000       1.080393550839843E-005  8.503984600949366E-004
   46.9000000000000       1.075715108683308E-005  8.426855945486977E-004
   47.0000000000000       1.071050605366277E-005  8.350426442049752E-004
   47.1000000000000       1.066400113458951E-005  8.274689754372844E-004
   47.2000000000000       1.061763703611324E-005  8.199639611206067E-004
   47.3000000000000       1.057141443574977E-005  8.125269800274282E-004
   47.4000000000000       1.052533398786445E-005  8.051574155487629E-004
   47.5000000000000       1.047939632449988E-005  7.978546575060363E-004
   47.6000000000000       1.043424264293030E-005  7.906181006589463E-004
   47.7000000000000       1.038963949189384E-005  7.834471456646952E-004
   47.8000000000000       1.034516707447485E-005  7.763411985806101E-004
   47.9000000000000       1.030082606942070E-005  7.692996701180732E-004
   48.0000000000000       1.025661712705210E-005  7.623219778452039E-004
   48.1000000000000       1.021254087957606E-005  7.554075425275641E-004
   48.2000000000000       1.016859793625860E-005  7.485557920716701E-004
   48.3000000000000       1.012478888445773E-005  7.417661586117674E-004
   48.4000000000000       1.008111428963300E-005  7.350380789716837E-004
   48.5000000000000       1.003757469978063E-005  7.283709966188212E-004
   48.6000000000000       9.994170637645626E-006  7.217643581824973E-004
   48.7000000000000       9.950902609417217E-006  7.152176166513868E-004
   48.8000000000000       9.907771103681436E-006  7.087302294550568E-004
   48.9000000000000       9.864776583981401E-006  7.023016590324005E-004
   49.0000000000000       9.821919496665141E-006  6.959313723342575E-004
   49.1000000000000       9.779200273190629E-006  6.896188417471194E-004
   49.2000000000000       9.736619322307981E-006  6.833635439207342E-004
   49.3000000000000       9.694177037230240E-006  6.771649603720675E-004
   49.4000000000000       9.651873790928315E-006  6.710225776274115E-004
   49.5000000000000       9.609709942102208E-006  6.649358863697330E-004
   49.6000000000000       9.567685831185930E-006  6.589043821492169E-004
   49.7000000000000       9.525801779757939E-006  6.529275648148314E-004
   49.8000000000000       9.484058096432011E-006  6.470049392248711E-004
   49.9000000000000       9.442455067315819E-006  6.411360144298328E-004
   50.0000000000000       9.400992972430780E-006  6.353203038145239E-004
   50.1000000000000       9.359672067183917E-006  6.295573253467524E-004
   50.2000000000000       9.318492597220150E-006  6.238466012220556E-004
   50.3000000000000       9.277454790694007E-006  6.181876581123902E-004
   50.4000000000000       9.236558857346008E-006  6.125800267398063E-004
   50.5000000000000       9.196364134887055E-006  6.070232426935718E-004
   50.6000000000000       9.156559942646417E-006  6.015168442630170E-004
   50.7000000000000       9.116887488671483E-006  5.960603760613026E-004
   50.8000000000000       9.077347038655918E-006  5.906533851174345E-004
   50.9000000000000       9.037938837060843E-006  5.852954232210550E-004
   51.0000000000000       8.998663119489967E-006  5.799860461763728E-004
   51.1000000000000       8.959520101775245E-006  5.747248136955818E-004
   51.2000000000000       8.920509994732666E-006  5.695112895054422E-004
   51.3000000000000       8.881632986005073E-006  5.643450415249163E-004
   51.4000000000000       8.842889256709614E-006  5.592256411901531E-004
   51.5000000000000       8.804278973211347E-006  5.541526640584493E-004
   51.6000000000000       8.765802288300944E-006  5.491256892753427E-004
   51.7000000000000       8.727459344364958E-006  5.441443005693714E-004
   51.8000000000000       8.689250267328597E-006  5.392080839783375E-004
   51.9000000000000       8.651175176727566E-006  5.343166309401681E-004
   52.0000000000000       8.613234177272265E-006  5.294695352020540E-004
   52.1000000000000       8.575427358781694E-006  5.246663953073494E-004
   52.2000000000000       8.537754805986961E-006  5.199068127836881E-004
   52.3000000000000       8.500216591555107E-006  5.151903926403634E-004
   52.4000000000000       8.462812771042893E-006  5.105167436880720E-004
   52.5000000000000       8.425543396268364E-006  5.058854789297129E-004
   52.6000000000000       8.388408504897479E-006  5.012962136419219E-004
   52.7000000000000       8.351408124153881E-006  4.967485673645911E-004
   52.8000000000000       8.314542275390557E-006  4.922421630126905E-004
   52.9000000000000       8.277810961688285E-006  4.877766268052142E-004
   53.0000000000000       8.241214183514311E-006  4.833515883007067E-004
   53.1000000000000       8.204751929246396E-006  4.789666799354109E-004
   53.2000000000000       8.168424179309638E-006  4.746215392614772E-004
   53.3000000000000       8.132230900312748E-006  4.703158044705447E-004
   53.4000000000000       8.096172056426473E-006  4.660491193675398E-004
   53.5000000000000       8.060247596512880E-006  4.618211296048003E-004
   53.6000000000000       8.024457466844392E-006  4.576314844584317E-004
   53.7000000000000       7.988801598581699E-006  4.534798365796178E-004
   53.8000000000000       7.953410083553505E-006  4.493658412130230E-004
   53.9000000000000       7.918624055751200E-006  4.452891575823514E-004
   54.0000000000000       7.883964062363362E-006  4.412494471139894E-004
   54.1000000000000       7.849430083382144E-006  4.372463748225641E-004
   54.2000000000000       7.815022094215557E-006  4.332796084938195E-004
   54.3000000000000       7.780740061065989E-006  4.293488189688333E-004
   54.4000000000000       7.746583936657913E-006  4.254536806413967E-004
   54.5000000000000       7.712553671871134E-006  4.215938696106036E-004
   54.6000000000000       7.678649207015112E-006  4.177690662743316E-004
   54.7000000000000       7.644870476876164E-006  4.139789528068150E-004
   54.8000000000000       7.611217406818767E-006  4.102232151836915E-004
   54.9000000000000       7.577689914174225E-006  4.065015413701190E-004
   55.0000000000000       7.544287911373890E-006  4.028136230260770E-004
   55.1000000000000       7.511011303886468E-006  3.991591537300110E-004
   55.2000000000000       7.477859985883915E-006  3.955378307551882E-004
   55.3000000000000       7.444833851319828E-006  3.919493530091245E-004
   55.4000000000000       7.411932782085532E-006  3.883934231296848E-004
   55.5000000000000       7.379156658000827E-006  3.848697459218897E-004
   55.6000000000000       7.346505348563400E-006  3.813780291750390E-004
   55.7000000000000       7.313978716595630E-006  3.779179828455881E-004
   55.8000000000000       7.281576623390441E-006  3.744893201940158E-004
   55.9000000000000       7.249298922947914E-006  3.710917563282123E-004
   56.0000000000000       7.217145457363045E-006  3.677250096600915E-004
   56.1000000000000       7.185116071762896E-006  3.643888005200324E-004
   56.2000000000000       7.153210601485090E-006  3.610828519740039E-004
   56.3000000000000       7.121428874731640E-006  3.578068902498899E-004
   56.4000000000000       7.089770715296112E-006  3.545606428900783E-004
   56.5000000000000       7.058235945882986E-006  3.513438405278180E-004
   56.6000000000000       7.026824376404315E-006  3.481562166385288E-004
   56.7000000000000       6.995535817818514E-006  3.449975063674060E-004
   56.8000000000000       6.964370074656542E-006  3.418674475597072E-004
   56.9000000000000       6.933326946092739E-006  3.387657803699540E-004
   57.0000000000000       6.902406225551517E-006  3.356922477593116E-004
   57.1000000000000       6.871607703802157E-006  3.326465943231938E-004
   57.2000000000000       6.840931165453588E-006  3.296285673215493E-004
   57.3000000000000       6.810376390676763E-006  3.266379161104283E-004
   57.4000000000000       6.779943159010065E-006  3.236743932077957E-004
   57.5000000000000       6.749631238526984E-006  3.207377514868881E-004
   57.6000000000000       6.719440401129965E-006  3.178277482618341E-004
   57.7000000000000       6.689370408255088E-006  3.149441412730880E-004
   57.8000000000000       6.659628560143229E-006  3.120866917072362E-004
   57.9000000000000       6.630218600573396E-006  3.092551620653694E-004
   58.0000000000000       6.600923163612565E-006  3.064493173354776E-004
   58.1000000000000       6.571742057466684E-006  3.036689247792879E-004
   58.2000000000000       6.542675081914565E-006  3.009137533993567E-004
   58.3000000000000       6.513722036035076E-006  2.981835748983030E-004
   58.4000000000000       6.484882710864753E-006  2.954781621156144E-004
   58.5000000000000       6.456156895386937E-006  2.927972908395304E-004
   58.6000000000000       6.427544378653160E-006  2.901407384570120E-004
   58.7000000000000       6.399044940591090E-006  2.875082844155941E-004
   58.8000000000000       6.370658358064163E-006  2.848997102589124E-004
   58.9000000000000       6.342384408982963E-006  2.823147994135411E-004
   59.0000000000000       6.314222863659972E-006  2.797533373311012E-004
   59.1000000000000       6.286173488811547E-006  2.772151109553533E-004
   59.2000000000000       6.258236052106583E-006  2.746999104630277E-004
   59.3000000000000       6.230410312907380E-006  2.722075262795443E-004
   59.4000000000000       6.202696031198734E-006  2.697377518856570E-004
   59.5000000000000       6.175092963208666E-006  2.672903818989880E-004
   59.6000000000000       6.147600860554147E-006  2.648652137438035E-004
   59.7000000000000       6.120219475459103E-006  2.624620454483306E-004
   59.8000000000000       6.092948550190084E-006  2.600806778829678E-004
   59.9000000000000       6.065787833529087E-006  2.577209132326175E-004
   60.0000000000000       6.038737065330540E-006  2.553825556361744E-004
   60.1000000000000       6.011795986905771E-006  2.530654108667818E-004
   60.2000000000000       5.984964330717993E-006  2.507692867581568E-004
   60.3000000000000       5.958241833495659E-006  2.484939922453577E-004
   60.4000000000000       5.931628227761244E-006  2.462393390345596E-004
   60.5000000000000       5.905123239779519E-006  2.440051395069531E-004
   60.6000000000000       5.878726599310968E-006  2.417912082819385E-004
   60.7000000000000       5.852438030397760E-006  2.395973612934199E-004
   60.8000000000000       5.826257254404864E-006  2.374234172108913E-004
   60.9000000000000       5.800183995961706E-006  2.352691944906837E-004
   61.0000000000000       5.774217967975593E-006  2.331345147865704E-004
   61.1000000000000       5.748358890843210E-006  2.310192010668288E-004
   61.2000000000000       5.722606478815370E-006  2.289230771168604E-004
   61.3000000000000       5.696960443506522E-006  2.268459698129277E-004
   61.4000000000000       5.671420496353415E-006  2.247877054983860E-004
   61.5000000000000       5.645986347276751E-006  2.227481143179944E-004
   61.6000000000000       5.620657702589789E-006  2.207270263809846E-004
   61.7000000000000       5.595434269948454E-006  2.187242737505812E-004
   61.8000000000000       5.570315752205198E-006  2.167396907637453E-004
   61.9000000000000       5.545301851994959E-006  2.147731120771823E-004
   62.0000000000000       5.520392271306236E-006  2.128243744792258E-004
   62.1000000000000       5.495586710644496E-006  2.108933163924576E-004
   62.2000000000000       5.470884866096882E-006  2.089797771631652E-004
   62.3000000000000       5.446286435065636E-006  2.070835980205743E-004
   62.4000000000000       5.421791116276800E-006  2.052046218992132E-004
   62.5000000000000       5.397398600979448E-006  2.033426919112458E-004
   62.6000000000000       5.373108584019433E-006  2.014976542241698E-004
   62.7000000000000       5.349095338114869E-006  1.996693555739171E-004
   62.8000000000000       5.325278422802812E-006  1.978576435135437E-004
   62.9000000000000       5.301559472947600E-006  1.960623680119511E-004
   63.0000000000000       5.277938211193786E-006  1.942833803525446E-004
   63.1000000000000       5.254414366529924E-006  1.925205321384738E-004
   63.2000000000000       5.230987660449225E-006  1.907736774242608E-004
   63.3000000000000       5.207657813513628E-006  1.890426709394433E-004
   63.4000000000000       5.184424544166941E-006  1.873273690478072E-004
   63.5000000000000       5.161287576535084E-006  1.856276291789527E-004
   63.6000000000000       5.138246627962470E-006  1.839433103256738E-004
   63.7000000000000       5.115301409804596E-006  1.822742723689430E-004
   63.8000000000000       5.092451646961417E-006  1.806203773213610E-004
   63.9000000000000       5.069697047565239E-006  1.789814868402573E-004
   64.0000000000000       5.047037329436788E-006  1.773574658869848E-004
   64.1000000000000       5.024472202925705E-006  1.757481786768267E-004
   64.2000000000000       5.002001383870532E-006  1.741534920540744E-004
   64.3000000000000       4.979624578678110E-006  1.725732737511976E-004
   64.4000000000000       4.957341502252077E-006  1.710073920335731E-004
   64.5000000000000       4.935151862985892E-006  1.694557171560973E-004
   64.6000000000000       4.913055369828472E-006  1.679181201552638E-004
   64.7000000000000       4.891051732176377E-006  1.663944733820699E-004
   64.8000000000000       4.869140654335810E-006  1.648846506441259E-004
   64.9000000000000       4.847321846605536E-006  1.633885256069334E-004
   65.0000000000000       4.825595012819781E-006  1.619059749558005E-004
   65.1000000000000       4.803959861541062E-006  1.604368753405083E-004
   65.2000000000000       4.782416094819530E-006  1.589811043345435E-004
   65.3000000000000       4.760963420482238E-006  1.575385413943309E-004
   65.4000000000000       4.739601540443636E-006  1.561090667223652E-004
   65.5000000000000       4.718330156905792E-006  1.546925614093198E-004
   65.6000000000000       4.697148974635799E-006  1.532889079669530E-004
   65.7000000000000       4.676057696577021E-006  1.518979899017836E-004
   65.8000000000000       4.655056024794876E-006  1.505196912532369E-004
   65.9000000000000       4.634143663049972E-006  1.491538981213125E-004
   66.0000000000000       4.613320308564746E-006  1.478004964994284E-004
   66.1000000000000       4.592585669236244E-006  1.464593743349951E-004
   66.2000000000000       4.571939439966763E-006  1.451304205701831E-004
   66.3000000000000       4.551381322917581E-006  1.438135238274185E-004
   66.4000000000000       4.530911020492893E-006  1.425085758555156E-004
   66.5000000000000       4.510528231299976E-006  1.412154672664201E-004
   66.6000000000000       4.490232657523657E-006  1.399340915142488E-004
   66.7000000000000       4.470023997467504E-006  1.386643417333744E-004
   66.8000000000000       4.449901951962121E-006  1.374061122660919E-004
   66.9000000000000       4.429866217049294E-006  1.361592988402549E-004
   67.0000000000000       4.409916498281049E-006  1.349237982850582E-004
   67.1000000000000       4.390052489700966E-006  1.336995072875879E-004
   67.2000000000000       4.370273895086829E-006  1.324863246310315E-004
   67.3000000000000       4.350580411917605E-006  1.312841491696304E-004
   67.4000000000000       4.330971738281098E-006  1.300928814629287E-004
   67.5000000000000       4.311447576136701E-006  1.289124222836335E-004
   67.6000000000000       4.292007623902896E-006  1.277426737544829E-004
   67.7000000000000       4.272651581946122E-006  1.265835384955949E-004
   67.8000000000000       4.253379146452776E-006  1.254349202284288E-004
   67.9000000000000       4.234190021133716E-006  1.242967238823667E-004
   68.0000000000000       4.215083904288753E-006  1.231688546354803E-004
   68.1000000000000       4.196060495078316E-006  1.220512188737644E-004
   68.2000000000000       4.177119494002112E-006  1.209437237648103E-004
   68.3000000000000       4.158260601761170E-006  1.198462770446440E-004
   68.4000000000000       4.139483519222505E-006  1.187587882611751E-004
   68.5000000000000       4.120787945334061E-006  1.176811662517707E-004
   68.6000000000000       4.102173582457571E-006  1.166133218077903E-004
   68.7000000000000       4.083640128585648E-006  1.155551667864074E-004
   68.8000000000000       4.065187288761446E-006  1.145066122987259E-004
   68.9000000000000       4.046814761676298E-006  1.134675718716949E-004
   69.0000000000000       4.028559950050406E-006  1.124379592098990E-004
   69.1000000000000       4.010499512441466E-006  1.114176885508300E-004
   69.2000000000000       3.992516445646329E-006  1.104066752333210E-004
   69.3000000000000       3.974610474737110E-006  1.094048353778021E-004
   69.4000000000000       3.956781323237582E-006  1.084120853533932E-004
   69.5000000000000       3.939028715092117E-006  1.074283433410983E-004
   69.6000000000000       3.921352375189373E-006  1.064535270245415E-004
   69.7000000000000       3.903752025238966E-006  1.054875559347579E-004
   69.8000000000000       3.886227392746481E-006  1.045303494251471E-004
   69.9000000000000       3.868778204637681E-006  1.035818280570311E-004
   70.0000000000000       3.851404178684142E-006  1.026419132443834E-004
   70.1000000000000       3.834105047878942E-006  1.017105265432861E-004
   70.2000000000000       3.816880532111677E-006  1.007875910374878E-004
   70.3000000000000       3.799730361196432E-006  9.987302981073753E-005
   70.4000000000000       3.782654257546923E-006  9.896676676390825E-005
   70.5000000000000       3.765651950771565E-006  9.806872686368706E-005
   70.6000000000000       3.748723165413407E-006  9.717883550308670E-005
   70.7000000000000       3.731867629686045E-006  9.629701843039129E-005
   70.8000000000000       3.715085070054875E-006  9.542320270838900E-005
   70.9000000000000       3.698375214175092E-006  9.455731557750369E-005
   71.0000000000000       3.681737789913199E-006  9.369928534397332E-005
   71.1000000000000       3.665172527293528E-006  9.284904042061726E-005
   71.2000000000000       3.648679152219656E-006  9.200651028606899E-005
   71.3000000000000       3.632257395804574E-006  9.117162512950472E-005
   71.4000000000000       3.615906986737673E-006  9.034431517562780E-005
   71.5000000000000       3.599627654443142E-006  8.952451228338987E-005
   71.6000000000000       3.583419131424677E-006  8.871214767225410E-005
   71.7000000000000       3.567281144773794E-006  8.790715455120335E-005
   71.8000000000000       3.551213428826572E-006  8.710946545420484E-005
   71.9000000000000       3.535215711486355E-006  8.631901437183842E-005
   72.0000000000000       3.519287729976826E-006  8.553573568548245E-005
   72.1000000000000       3.503429212266955E-006  8.475956423836806E-005
   72.2000000000000       3.487639894480055E-006  8.399043554874197E-005
   72.3000000000000       3.471919507352793E-006  8.322828580986652E-005
   72.4000000000000       3.456267785252589E-006  8.247305160580254E-005
   72.5000000000000       3.440684465533780E-006  8.172466998246364E-005
   72.6000000000000       3.425169277733304E-006  8.098307930026749E-005
   72.7000000000000       3.409721961559498E-006  8.024821759988754E-005
   72.8000000000000       3.394342253028415E-006  7.952002377464851E-005
   72.9000000000000       3.379029885405132E-006  7.879843739289072E-005
   73.0000000000000       3.363784598170482E-006  7.808339873349723E-005
   73.1000000000000       3.348606128846098E-006  7.737484800429684E-005
   73.2000000000000       3.333494214578847E-006  7.667272694078520E-005
   73.3000000000000       3.318448591531980E-006  7.597697607053533E-005
   73.4000000000000       3.303469002794254E-006  7.528753894092688E-005
   73.5000000000000       3.288555188820148E-006  7.460435753614547E-005
   73.6000000000000       3.273706885998384E-006  7.392737511935366E-005
   73.7000000000000       3.258923837133696E-006  7.325653552214817E-005
   73.8000000000000       3.244205786770214E-006  7.259178307350567E-005
   73.9000000000000       3.229552471117331E-006  7.193306270636413E-005
   74.0000000000000       3.214963635022144E-006  7.128031917602584E-005
   74.1000000000000       3.200439023043957E-006  7.063349876545999E-005
   74.2000000000000       3.185978379505749E-006  6.999254743789152E-005
   74.3000000000000       3.171581446557731E-006  6.935741225788661E-005
   74.4000000000000       3.157247970909165E-006  6.872803979263153E-005
   74.5000000000000       3.142977698657585E-006  6.810437881199505E-005
   74.6000000000000       3.128770372424708E-006  6.748637630948906E-005
   74.7000000000000       3.114625744699595E-006  6.687398190763361E-005
   74.8000000000000       3.100543560278207E-006  6.626714416313462E-005
   74.9000000000000       3.086523567809853E-006  6.566581305378349E-005
   75.0000000000000       3.072565515617117E-006  6.506993813104600E-005
   75.1000000000000       3.058669153899800E-006  6.447947026089196E-005
   75.2000000000000       3.044834231923540E-006  6.389436027376405E-005
   75.3000000000000       3.031060501475960E-006  6.331455953301202E-005
   75.4000000000000       3.017347715507788E-006  6.274001993489264E-005
   75.5000000000000       3.003695623312836E-006  6.217069373093409E-005
   75.6000000000000       2.990103981268366E-006  6.160653352793588E-005
   75.7000000000000       2.976572537076838E-006  6.104749260771314E-005
   75.8000000000000       2.963101051024603E-006  6.049352435866240E-005
   75.9000000000000       2.949689277701851E-006  5.994458309288575E-005
   76.0000000000000       2.936336968067836E-006  5.940062251852396E-005
   76.1000000000000       2.923043880464249E-006  5.886159812007463E-005
   76.2000000000000       2.909809773895852E-006  5.832746474254691E-005
   76.3000000000000       2.896634404084888E-006  5.779817808360121E-005
   76.4000000000000       2.883517530303654E-006  5.727369426722362E-005
   76.5000000000000       2.870458912509187E-006  5.675396977267155E-005
   76.6000000000000       2.857458309095915E-006  5.623896107920245E-005
   76.7000000000000       2.844515477800470E-006  5.572862569636072E-005
   76.8000000000000       2.831630185537970E-006  5.522292120474503E-005
   76.9000000000000       2.818802191636900E-006  5.472180554022543E-005
   77.0000000000000       2.806031258749736E-006  5.422523678078051E-005
   77.1000000000000       2.793317148062948E-006  5.373317421231150E-005
   77.2000000000000       2.780659626915137E-006  5.324557669439400E-005
   77.3000000000000       2.768058457354209E-006  5.276240337082072E-005
   77.4000000000000       2.755513407605353E-006  5.228361466436127E-005
   77.5000000000000       2.743024241876283E-006  5.180917050040534E-005
   77.6000000000000       2.730590727323623E-006  5.133903162146680E-005
   77.7000000000000       2.718212633790842E-006  5.087315869900522E-005
   77.8000000000000       2.705889725678034E-006  5.041151307949576E-005
   77.9000000000000       2.693621774328892E-006  4.995405671337494E-005
   78.0000000000000       2.681408551285723E-006  4.950075126686215E-005
   78.1000000000000       2.669314060951223E-006  4.905155911671955E-005
   78.2000000000000       2.657276107210695E-006  4.860644310156204E-005
   78.3000000000000       2.645291293576785E-006  4.816536616658595E-005
   78.4000000000000       2.633359403971187E-006  4.772829171884041E-005
   78.5000000000000       2.621480219028539E-006  4.729518281010314E-005
   78.6000000000000       2.609653521704947E-006  4.686600494352433E-005
   78.7000000000000       2.597879098330037E-006  4.644072074455607E-005
   78.8000000000000       2.586156732228211E-006  4.601929592951137E-005
   78.9000000000000       2.574486209333825E-006  4.560169532652480E-005
   79.0000000000000       2.562867316844462E-006  4.518788365714954E-005
   79.1000000000000       2.551299839171814E-006  4.477782766798555E-005
   79.2000000000000       2.539783565982043E-006  4.437149211611313E-005
   79.3000000000000       2.528318282853303E-006  4.396884389024081E-005
   79.4000000000000       2.516903782493697E-006  4.356984945275144E-005
   79.5000000000000       2.505539848589823E-006  4.317447544366360E-005
   79.6000000000000       2.494226276737101E-006  4.278268935564711E-005
   79.7000000000000       2.482962855883339E-006  4.239445814846476E-005
   79.8000000000000       2.471749373715154E-006  4.200975006085628E-005
   79.9000000000000       2.460585629159374E-006  4.162853272760003E-005
   80.0000000000000       2.449471409264748E-006  4.125077495586993E-005
   80.1000000000000       2.438406510118986E-006  4.087644459360718E-005
   80.2000000000000       2.427390723804495E-006  4.050551137169123E-005
   80.3000000000000       2.416423847937864E-006  4.013794427493167E-005
   80.4000000000000       2.405505675179352E-006  3.977371182628531E-005
   80.5000000000000       2.394636003753455E-006  3.941278510666280E-005
   80.6000000000000       2.383814629932631E-006  3.905513359825363E-005
   80.7000000000000       2.373041349850728E-006  3.870072717404582E-005
   80.8000000000000       2.362315962799198E-006  3.834953702153143E-005
   80.9000000000000       2.351638268020046E-006  3.800153340449697E-005
   81.0000000000000       2.341008064147269E-006  3.765668790123300E-005
   81.1000000000000       2.330425151141180E-006  3.731497141501450E-005
   81.2000000000000       2.319889330516952E-006  3.697635602151195E-005
   81.3000000000000       2.309400402460050E-006  3.664081312138023E-005
   81.4000000000000       2.298958170265799E-006  3.630831514556121E-005
   81.5000000000000       2.288562437120329E-006  3.597883427630677E-005
   81.6000000000000       2.278213006822505E-006  3.565234315772159E-005
   81.7000000000000       2.267909680379169E-006  3.532881500234453E-005
   81.8000000000000       2.257652267505311E-006  3.500822248980739E-005
   81.9000000000000       2.247440569472866E-006  3.469053904581187E-005
   82.0000000000000       2.237274394958930E-006  3.437573838027674E-005
   82.1000000000000       2.227153551361474E-006  3.406379445181074E-005
   82.2000000000000       2.217077844775669E-006  3.375468118349545E-005
   82.3000000000000       2.207047082618787E-006  3.344837296026526E-005
   82.4000000000000       2.197061075604589E-006  3.314484398941886E-005
   82.5000000000000       2.187119632487295E-006  3.284406968617759E-005
   82.6000000000000       2.177222563882075E-006  3.254602454205724E-005
   82.7000000000000       2.167369681596101E-006  3.225068397227915E-005
   82.8000000000000       2.157560795847298E-006  3.195802342759180E-005
   82.9000000000000       2.147795719299029E-006  3.166801885612358E-005
   83.0000000000000       2.138074264825807E-006  3.138064535335161E-005
   83.1000000000000       2.128396246461327E-006  3.109588011085407E-005
   83.2000000000000       2.118761477810884E-006  3.081369861490657E-005
   83.3000000000000       2.109169776313880E-006  3.053407777287021E-005
   83.4000000000000       2.099620955385995E-006  3.025699438552465E-005
   83.5000000000000       2.090114830923670E-006  2.998242550233954E-005
   83.6000000000000       2.080651220576501E-006  2.971034799514882E-005
   83.7000000000000       2.071229943145986E-006  2.944073923316637E-005
   83.8000000000000       2.061850814336712E-006  2.917357750931160E-005
   83.9000000000000       2.052513655794806E-006  2.890883958883705E-005
   84.0000000000000       2.043218286512657E-006  2.864650429756921E-005
   84.1000000000000       2.033964526036667E-006  2.838654957315612E-005
   84.2000000000000       2.024752197192118E-006  2.812895349535438E-005
   84.3000000000000       2.015581117899603E-006  2.787369528078898E-005
   84.4000000000000       2.006451114959744E-006  2.762075325790647E-005
   84.5000000000000       1.997362009190712E-006  2.737010664333184E-005
   84.6000000000000       1.988313624187221E-006  2.712173419183728E-005
   84.7000000000000       1.979305784150894E-006  2.687561583059050E-005
   84.8000000000000       1.970338313962234E-006  2.663173091832505E-005
   84.9000000000000       1.961411039959767E-006  2.639005884930157E-005
   85.0000000000000       1.952523789921580E-006  2.615058001254056E-005
   85.1000000000000       1.943676387586226E-006  2.591327433520973E-005
   85.2000000000000       1.934868661707793E-006  2.567812199316677E-005
   85.3000000000000       1.926100439527509E-006  2.544510344648643E-005
   85.4000000000000       1.917371554327580E-006  2.521419951051485E-005
   85.5000000000000       1.908681830389215E-006  2.498539089401675E-005
   85.6000000000000       1.900031100266011E-006  2.475865858997395E-005
   85.7000000000000       1.891419196046123E-006  2.453398369794968E-005
   85.8000000000000       1.882845947405718E-006  2.431134781488709E-005
   85.9000000000000       1.874311186731265E-006  2.409073193376798E-005
   86.0000000000000       1.865814746005968E-006  2.387211807786116E-005
   86.1000000000000       1.857356460531005E-006  2.365548830596254E-005
   86.2000000000000       1.848936164012007E-006  2.344082403737957E-005
   86.3000000000000       1.840553692182413E-006  2.322810782828810E-005
   86.4000000000000       1.832208875092066E-006  2.301732173748405E-005
   86.5000000000000       1.823901555482959E-006  2.280844881852317E-005
   86.6000000000000       1.815631566752610E-006  2.260147105914712E-005
   86.7000000000000       1.807398746044225E-006  2.239637147738449E-005
   86.8000000000000       1.799202932722971E-006  2.219313309126392E-005
   86.9000000000000       1.791043965876499E-006  2.199173902539542E-005
   87.0000000000000       1.782921679519735E-006  2.179217258202470E-005
   87.1000000000000       1.774835920678553E-006  2.159441685023467E-005
   87.2000000000000       1.766786524089129E-006  2.139845598492229E-005
   87.3000000000000       1.758773334454295E-006  2.120427318175189E-005
   87.4000000000000       1.750796192703399E-006  2.101185241798476E-005
   87.5000000000000       1.742854940437332E-006  2.082117788404503E-005
   87.6000000000000       1.734949419184972E-006  2.063223377035683E-005
   87.7000000000000       1.727079473885212E-006  2.044500391207293E-005
   87.8000000000000       1.719244950485607E-006  2.025947310357878E-005
   87.9000000000000       1.711445692513381E-006  2.007562613925984E-005
   88.0000000000000       1.703681544563362E-006  1.989344728059450E-005
   88.1000000000000       1.695952354439502E-006  1.971292181934814E-005
   88.2000000000000       1.688257966285522E-006  1.953403440779766E-005
   88.3000000000000       1.680598229158364E-006  1.935677023112703E-005
   88.4000000000000       1.672972989830354E-006  1.918111472321016E-005
   88.5000000000000       1.665382099648660E-006  1.900705321133955E-005
   88.6000000000000       1.657825403972974E-006  1.883457130702482E-005
   88.7000000000000       1.650302754021926E-006  1.866365419544991E-005
   88.8000000000000       1.642814000517846E-006  1.849428880262849E-005
   88.9000000000000       1.635358995528241E-006  1.832645967425606E-005
   89.0000000000000       1.627937587166199E-006  1.816015380740055E-005
   89.1000000000000       1.620549630649719E-006  1.799535677804442E-005
   89.2000000000000       1.613194977025909E-006  1.783205568983703E-005
   89.3000000000000       1.605873480079742E-006  1.767023629639652E-005
   89.4000000000000       1.598584994546082E-006  1.750988506188378E-005
   89.5000000000000       1.591329373928047E-006  1.735098930311096E-005
   89.6000000000000       1.584106474667318E-006  1.719353534213042E-005
   89.7000000000000       1.576916150397297E-006  1.703751006942866E-005
   89.8000000000000       1.569758259193111E-006  1.688290076629073E-005
   89.9000000000000       1.562632654585222E-006  1.672969439425742E-005
   90.0000000000000       1.555539199949139E-006  1.657787851883086E-005
   90.1000000000000       1.548477747071458E-006  1.642743988838902E-005
   90.2000000000000       1.541448160352708E-006  1.627836699213958E-005
   90.3000000000000       1.534450293784804E-006  1.613064622318916E-005
   90.4000000000000       1.527484010128824E-006  1.598426646154394E-005
   90.5000000000000       1.520549170438016E-006  1.583921495296181E-005
   90.6000000000000       1.513645633276081E-006  1.569547954716199E-005
   90.7000000000000       1.506773260556452E-006  1.555304841360794E-005
   90.8000000000000       1.499931915595755E-006  1.541190997045305E-005
   90.9000000000000       1.493121459901304E-006  1.527205238716078E-005
   91.0000000000000       1.486341758109749E-006  1.513346365555890E-005
   91.1000000000000       1.479592671311684E-006  1.499613265565358E-005
   91.2000000000000       1.472874067657422E-006  1.486004805428820E-005
   91.3000000000000       1.466185807969919E-006  1.472519819856188E-005
   91.4000000000000       1.459527761059718E-006  1.459157196848082E-005
   91.5000000000000       1.452899791921763E-006  1.445915859932256E-005
   91.6000000000000       1.446301765803128E-006  1.432794668687620E-005
   91.7000000000000       1.439733551395107E-006  1.419792528878361E-005
   91.8000000000000       1.433195014464520E-006  1.406908417322938E-005
   91.9000000000000       1.426686025447414E-006  1.394141182942121E-005
   92.0000000000000       1.420206453572171E-006  1.381489827423366E-005
   92.1000000000000       1.413756165345311E-006  1.368953274294427E-005
   92.2000000000000       1.407335033086222E-006  1.356530486162910E-005
   92.3000000000000       1.400942927004521E-006  1.344220418530995E-005
   92.4000000000000       1.394579716703699E-006  1.332022087296991E-005
   92.5000000000000       1.388245273748888E-006  1.319934405330514E-005
   92.6000000000000       1.381939471066389E-006  1.307956484453143E-005
   92.7000000000000       1.375662181072351E-006  1.296087184243788E-005
   92.8000000000000       1.369413278323576E-006  1.284325623629456E-005
   92.9000000000000       1.363192632407545E-006  1.272670807850318E-005
   93.0000000000000       1.357000122395254E-006  1.261121731488402E-005
   93.1000000000000       1.350835618939856E-006  1.249677470838151E-005
   93.2000000000000       1.344699000539630E-006  1.238337063114159E-005
   93.3000000000000       1.338590141233489E-006  1.227099552636446E-005
   93.4000000000000       1.332508917289443E-006  1.215964047673879E-005
   93.5000000000000       1.326455205301625E-006  1.204929549913913E-005
   93.6000000000000       1.320428883572530E-006  1.193995213810695E-005
   93.7000000000000       1.314429830800207E-006  1.183160097895097E-005
   93.8000000000000       1.308459190260262E-006  1.172423313988702E-005
   93.9000000000000       1.302530322328838E-006  1.161783934833238E-005
   94.0000000000000       1.296628143194734E-006  1.151241150409987E-005
   94.1000000000000       1.290752531872131E-006  1.140793987275401E-005
   94.2000000000000       1.284903375266926E-006  1.130441656727044E-005
   94.3000000000000       1.279080551927236E-006  1.120183281244636E-005
   94.4000000000000       1.273283947337899E-006  1.110017951333475E-005
   94.5000000000000       1.267513446412830E-006  1.099944899607408E-005
   94.6000000000000       1.261768932260494E-006  1.089963252098869E-005
   94.7000000000000       1.256050293110464E-006  1.080072188130998E-005
   94.8000000000000       1.250357411393698E-006  1.070270890579650E-005
   94.9000000000000       1.244690174456118E-006  1.060558503240827E-005
   95.0000000000000       1.239048468476034E-006  1.050934287150085E-005
   95.1000000000000       1.233432179672520E-006  1.041397386103426E-005
   95.2000000000000       1.227841198665605E-006  1.031947039820125E-005
   95.3000000000000       1.222275408951768E-006  1.022582448939602E-005
   95.4000000000000       1.216734702937765E-006  1.013302824759421E-005
   95.5000000000000       1.211218966165919E-006  1.004107435420565E-005
   95.6000000000000       1.205728090994702E-006  9.949954495880320E-006
   95.7000000000000       1.200261966625757E-006  9.859662064570784E-006
   95.8000000000000       1.194820480386316E-006  9.770188569291349E-006
   95.9000000000000       1.189403526579453E-006  9.681527295413161E-006
   96.0000000000000       1.184010995343906E-006  9.593670284857581E-006
   96.1000000000000       1.178642779508336E-006  9.506610965104301E-006
   96.2000000000000       1.173298767614690E-006  9.420341342547545E-006
   96.3000000000000       1.167978856239397E-006  9.334854667031323E-006
   96.4000000000000       1.162682935888083E-006  9.250143726546867E-006
   96.5000000000000       1.157410902059209E-006  9.166201451193956E-006
   96.6000000000000       1.152162646906493E-006  9.083021197398011E-006
   96.7000000000000       1.146938063693546E-006  9.000595504460307E-006
   96.8000000000000       1.141737051458525E-006  8.918917799860537E-006
   96.9000000000000       1.136559501212097E-006  8.837981511078397E-006
   97.0000000000000       1.131405311402831E-006  8.757779426105117E-006
   97.1000000000000       1.126274377568716E-006  8.678305292164623E-006
   97.2000000000000       1.121166597657595E-006  8.599552394628063E-006
   97.3000000000000       1.116081865193617E-006  8.521513983339446E-006
   97.4000000000000       1.111020079443441E-006  8.444183805522698E-006
   97.5000000000000       1.105981139986544E-006  8.367555572874608E-006
   97.6000000000000       1.100964941824018E-006  8.291622570766322E-006
   97.7000000000000       1.095971388418045E-006  8.216378653003176E-006
   97.8000000000000       1.091000372620840E-006  8.141817247064864E-006
   97.9000000000000       1.086051800117353E-006  8.067932846245185E-006
   98.0000000000000       1.081125567608124E-006  7.994718913550969E-006
   98.1000000000000       1.076221576737976E-006  7.922169160679005E-006
   98.2000000000000       1.071339728925923E-006  7.850277938814543E-006
   98.3000000000000       1.066479923424425E-006  7.779038959654372E-006
   98.4000000000000       1.061642064946870E-006  7.708446432275196E-006
   98.5000000000000       1.056826053752328E-006  7.638494743389401E-006
   98.6000000000000       1.052031793204106E-006  7.569177675748051E-006
   98.7000000000000       1.047259186804018E-006  7.500489651590669E-006
   98.8000000000000       1.042508133734052E-006  7.432424915521096E-006
   98.9000000000000       1.037778544227489E-006  7.364977854251720E-006
   99.0000000000000       1.033070319219955E-006  7.298143032130611E-006
   99.1000000000000       1.028383363287951E-006  7.231914551653063E-006
   99.2000000000000       1.023717582762957E-006  7.166286799531463E-006
   99.3000000000000       1.019072883211946E-006  7.101255157238029E-006
   99.4000000000000       1.014449169006207E-006  7.036813300942413E-006
   99.5000000000000       1.009846346699951E-006  6.972956185791190E-006
   99.6000000000000       1.005264324464776E-006  6.909678873512348E-006
   99.7000000000000       1.000703008752828E-006  6.846975466601180E-006
   99.8000000000000       9.961623073876656E-007  6.784841204421355E-006
